0 8
1 5
2 0
3 21
4 0
5 0
6 2
7 11
8 3
9 2
10 1
11 1
12 4
13 23
14 73
15 64
16 8
17 1
18 2
19 0
20 6
21 2
22 4
23 5
24 0
25 3
26 1
27 1
28 0
29 2
30 1
31 1
32 2
33 2
34 2
35 0
36 3
37 2
38 3
39 1
40 1
41 2
42 45
43 0
44 8
45 4
46 3
47 4
48 3
49 2
50 2
51 8
52 2
53 2
54 2
55 4
56 17
57 8
58 9
59 4
60 4
61 6
62 1
63 0
64 0
65 39
66 86
67 11
68 0
69 0
70 2
71 0
72 4
73 3
74 3
75 6
76 0
77 6
78 1
79 1
80 3
81 3
82 7
83 3
84 2
85 2
86 3
87 1
88 1
89 0
90 0
91 1
92 5
93 5
94 7
95 5
96 11
97 5
98 26
99 6
100 10
101 8
102 1
103 0
104 17
105 59
106 23
107 0
108 4
109 1
110 2
111 39
112 3
113 1
114 4
115 0
116 2
117 2
118 2
119 5
120 5
121 3
122 12
123 2
124 8
125 3
126 1
127 4
128 4
129 4
130 2
131 7
132 1
133 0
134 4
135 4
136 84
137 11
138 0
139 0
140 1
141 1
142 2
143 10
144 1
145 2
146 2
147 2
148 2
149 2
150 1
151 5
152 14
153 5
154 9
155 3
156 3
157 9
158 3
159 2
160 14
161 2
162 1
163 3
164 0
165 2
166 1
167 2
168 2
169 9
170 11
171 1
172 13
173 2
174 5
175 4
176 1
177 2
178 2
179 2
180 2
181 1
182 1
183 1
184 1
185 1
186 1
187 1
188 2
189 0
190 0
191 4
192 0
193 5
194 1
195 1
196 10
197 6
198 3
199 5
200 37
201 2
202 6
203 0
204 8
205 3
206 7
207 4
208 2
209 6
210 2
211 1
212 7
213 6
214 7
215 6
216 6
217 6
218 6
219 0
220 1
221 6
222 10
223 3
224 1
225 11
226 10
227 4
228 3
229 3
230 1
231 3
232 1
233 1
234 1
235 1
236 2
237 3
238 2
239 20
240 1
241 1
242 4
243 1
244 6
245 4
246 12
247 6
248 8
249 6
250 6
251 1
252 2
253 5
254 4
255 7
256 13
257 1
258 5
259 1
260 2
261 1
262 0
263 0
264 0
265 21
266 3
267 1
268 12
269 10
270 3
271 1
272 2
273 10
274 4
275 0
276 17
277 8
278 8
279 2
280 1
281 13
282 13
283 11
284 0
285 6
286 11
287 6
288 0
289 4
290 0
291 2
292 1
293 1
294 2
295 1
296 2
297 1
298 5
299 8
300 8
301 6
302 16
303 3
304 6
305 10
306 26
307 5
308 5
309 8
310 5
311 5
312 3
313 2
314 4
315 4
316 6
317 2
318 4
319 2
320 1
321 1
322 4
323 1
324 1
325 1
326 0
327 1
328 7
329 8
330 1
331 7
332 1
333 5
334 6
335 2
336 1
337 1
338 1
339 3
340 1
341 1
342 4
343 5
344 3
345 3
346 1
347 9
348 6
349 19
350 4
351 1
352 1
353 3
354 4
355 1
356 6
357 0
358 4
359 0
360 4
361 16
362 12
363 2
364 5
365 26
366 13
367 1
368 5
369 4
370 0
371 1
372 1
373 1
374 1
375 88
376 1
377 2
378 3
379 2
380 5
381 0
382 0
383 1
384 0
385 7
386 12
387 11
388 20
389 5
390 1
391 1
392 1
393 4
394 5
395 1
396 1
397 3
398 4
399 6
400 2
401 0
402 7
403 3
404 6
405 7
406 14
407 4
408 4
409 1
410 3
411 0
412 1
413 3
414 1
415 1
416 1
417 1
418 5
419 1
420 8
421 7
422 5
423 0
424 1
425 5
426 5
427 3
428 29
429 1
430 7
431 12
432 9
433 2
434 3
435 2
436 1
437 9
438 4
439 1
440 1
441 5
442 4
443 3
444 13
445 9
446 9
447 9
448 0
449 0
450 26
451 13
452 12
453 13
454 2
455 3
456 1
457 4
458 2
459 2
460 10
461 27
462 10
463 2
464 3
465 3
466 2
467 0
468 2
469 8
470 8
471 13
472 3
473 1
474 3
475 2
476 0
477 2
478 3
479 3
480 4
481 9
482 12
483 6
484 5
485 6
486 1
487 5
488 1
489 1
490 16
491 4
492 2
493 3
494 17
495 4
496 1
497 2
498 5
499 7
500 3
501 17
502 3
503 4
504 1
505 1
506 7
507 3
508 3
509 3
510 1
511 7
512 5
513 6
514 13
515 0
516 3
517 1
518 2
519 6
520 3
521 1
522 12
523 8
524 7
525 8
526 1
527 2
528 4
529 5
530 1
531 6
532 1
533 1
534 0
535 1
536 3
537 2
538 8
539 10
540 5
541 1
542 3
543 1
544 1
545 3
546 1
547 2
548 4
549 3
550 4
551 4
552 4
553 10
554 1
555 0
556 4
557 2
558 4
559 5
560 8
561 5
562 20
563 2
564 1
565 5
566 3
567 1
568 1
569 1
570 0
571 0
572 4
573 6
574 2
575 2
576 1
577 20
578 9
579 1
580 0
581 5
582 0
583 1
584 9
585 2
586 0
587 0
588 0
589 0
590 2
591 1
592 1
593 4
594 1
595 0
596 7
597 2
598 3
599 15
600 1
601 5
602 3
603 0
604 8
605 1
606 1
607 0
608 6
609 8
610 6
611 2
612 6
613 2
614 3
615 4
616 20
617 3
618 2
619 1
620 6
621 3
622 6
623 3
624 4
625 2
626 2
627 2
628 6
629 4
630 4
631 0
632 8
633 3
634 5
635 2
636 15
637 1
638 6
639 1
640 19
641 25
642 1
643 0
644 0
645 4
646 4
647 2
648 2
649 2
650 0
651 0
652 3
653 2
654 1
655 1
656 1
657 2
658 0
659 0
660 4
661 2
662 0
663 1
664 1
665 1
666 1
667 3
668 1
669 1
670 3
671 5
672 5
673 3
674 4
675 1
676 1
677 1
678 1
679 0
680 1
681 3
682 3
683 3
684 1
685 1
686 1
687 6
688 8
689 11
690 2
691 0
692 1
693 1
694 1
695 3
696 7
697 3
698 1
699 1
700 1
701 3
702 5
703 1
704 1
705 1
706 1
707 1
708 3
709 6
710 6
711 6
712 6
713 6
714 6
715 6
716 4
717 4
718 9
719 7
720 0
721 1
722 0
723 0
724 3
725 1
726 2
727 2
728 2
729 4
730 3
731 1
732 6
733 4
734 0
735 5
736 1
737 5
738 0
739 10
740 17
741 13
742 2
743 1
744 5
745 6
746 1
747 1
748 2
749 7
750 0
751 9
752 4
753 7
754 5
755 2
756 0
757 3
758 3
759 3
760 5
761 1
762 10
763 6
764 3
765 6
766 2
767 0
768 0
769 2
770 7
771 1
772 7
773 6
774 4
775 6
776 4
777 6
778 1
779 1
780 1
781 2
782 3
783 4
784 11
785 1
786 1
787 1
788 5
789 6
790 12
791 6
792 4
793 4
794 1
795 1
796 1
797 2
798 6
799 0
800 6
801 16
802 11
803 9
804 3
805 3
806 3
807 3
808 1
809 1
810 6
811 0
812 4
813 5
814 8
815 5
816 4
817 4
818 5
819 2
820 2
821 2
822 5
823 1
824 5
825 11
826 4
827 11
828 1
829 2
830 3
831 2
832 3
833 2
834 2
835 14
836 1
837 3
838 7
839 4
840 3
841 2
842 2
843 3
844 5
845 2
846 10
847 7
848 2
849 4
850 3
851 4
852 1
853 1
854 1
855 5
856 6
857 12
858 1
859 1
860 4
861 2
862 6
863 2
864 0
865 0
866 1
867 1
868 7
869 1
870 1
871 1
872 4
873 3
874 3
875 8
876 0
877 1
878 8
879 8
880 5
881 2
882 2
883 0
884 2
885 4
886 3
887 5
888 3
889 3
890 1
891 11
892 3
893 1
894 3
895 2
896 2
897 0
898 2
899 0
900 4
901 4
902 10
903 6
904 1
905 1
906 0
907 0
908 3
909 1
910 2
911 2
912 2
913 2
914 2
915 3
916 2
917 5
918 3
919 3
920 7
921 1
922 5
923 5
924 0
925 4
926 2
927 1
928 2
929 4
930 1
931 3
932 5
933 8
934 1
935 0
936 2
937 4
938 0
939 2
940 4
941 2
942 2
943 3
944 2
945 14
946 16
947 2
948 0
949 10
950 5
951 4
952 2
953 7
954 0
955 1
956 1
957 1
958 1
959 1
960 5
961 4
962 6
963 5
964 5
965 2
966 4
967 1
968 5
969 5
970 4
971 4
972 4
973 4
974 2
975 2
976 6
977 1
978 2
979 2
980 2
981 5
982 2
983 0
984 1
985 5
986 0
987 2
988 3
989 2
990 2
991 3
992 4
993 2
994 2
995 3
996 2
997 0
998 5
999 2
1000 5
1001 2
1002 0
1003 3
1004 1
1005 0
1006 0
1007 0
1008 2
1009 4
1010 2
1011 5
1012 7
1013 3
1014 3
1015 2
1016 3
1017 1
1018 6
1019 4
1020 1
1021 0
1022 4
1023 2
1024 2
1025 0
1026 1
1027 0
1028 10
1029 4
1030 8
1031 1
1032 1
1033 1
1034 1
1035 0
1036 3
1037 2
1038 4
1039 1
1040 3
1041 3
1042 3
1043 2
1044 2
1045 2
1046 0
1047 12
1048 8
1049 8
1050 3
1051 2
1052 1
1053 2
1054 3
1055 7
1056 2
1057 6
1058 4
1059 2
1060 1
1061 4
1062 7
1063 3
1064 2
1065 2
1066 2
1067 6
1068 1
1069 3
1070 3
1071 2
1072 0
1073 1
1074 1
1075 4
1076 4
1077 7
1078 3
1079 3
1080 3
1081 2
1082 3
1083 1
1084 1
1085 3
1086 25
1087 8
1088 8
1089 0
1090 0
1091 4
1092 7
1093 6
1094 10
1095 4
1096 3
1097 5
1098 1
1099 1
1100 4
1101 3
1102 4
1103 3
1104 2
1105 6
1106 10
1107 0
1108 1
1109 1
1110 1
1111 2
1112 1
1113 0
1114 1
1115 0
1116 9
1117 9
1118 1
1119 3
1120 4
1121 3
1122 3
1123 7
1124 2
1125 1
1126 1
1127 5
1128 3
1129 3
1130 0
1131 1
1132 1
1133 0
1134 1
1135 1
1136 4
1137 4
1138 7
1139 2
1140 2
1141 2
1142 0
1143 1
1144 2
1145 2
1146 4
1147 5
1148 3
1149 0
1150 4
1151 1
1152 4
1153 4
1154 0
1155 0
1156 6
1157 0
1158 5
1159 4
1160 4
1161 4
1162 4
1163 6
1164 4
1165 7
1166 2
1167 2
1168 4
1169 1
1170 8
1171 9
1172 5
1173 1
1174 5
1175 5
1176 5
1177 1
1178 5
1179 1
1180 1
1181 2
1182 3
1183 0
1184 3
1185 0
1186 0
1187 1
1188 0
1189 0
1190 0
1191 4
1192 3
1193 8
1194 14
1195 8
1196 1
1197 0
1198 1
1199 1
1200 1
1201 2
1202 2
1203 4
1204 1
1205 1
1206 2
1207 6
1208 3
1209 0
1210 1
1211 1
1212 1
1213 6
1214 9
1215 5
1216 2
1217 2
1218 1
1219 3
1220 7
1221 12
1222 4
1223 2
1224 2
1225 1
1226 3
1227 2
1228 5
1229 4
1230 5
1231 4
1232 5
1233 2
1234 4
1235 4
1236 3
1237 1
1238 1
1239 2
1240 2
1241 0
1242 3
1243 2
1244 1
1245 1
1246 1
1247 1
1248 1
1249 1
1250 2
1251 2
1252 3
1253 4
1254 5
1255 2
1256 1
1257 6
1258 6
1259 6
1260 1
1261 1
1262 1
1263 1
1264 1
1265 0
1266 0
1267 2
1268 5
1269 5
1270 3
1271 0
1272 2
1273 2
1274 2
1275 1
1276 1
1277 0
1278 1
1279 1
1280 3
1281 3
1282 1
1283 2
1284 1
1285 1
1286 1
1287 2
1288 3
1289 1
1290 1
1291 0
1292 3
1293 5
1294 4
1295 3
1296 4
1297 3
1298 2
1299 3
1300 1
1301 1
1302 2
1303 0
1304 2
1305 7
1306 3
1307 1
1308 0
1309 1
1310 1
1311 2
1312 8
1313 3
1314 5
1315 3
1316 4
1317 4
1318 2
1319 4
1320 2
1321 8
1322 6
1323 3
1324 0
1325 2
1326 5
1327 4
1328 0
1329 4
1330 0
1331 2
1332 6
1333 1
1334 1
1335 0
1336 2
1337 2
1338 1
1339 0
1340 0
1341 3
1342 1
1343 2
1344 2
1345 2
1346 5
1347 16
1348 2
1349 2
1350 3
1351 1
1352 1
1353 4
1354 2
1355 4
1356 7
1357 6
1358 3
1359 1
1360 5
1361 1
1362 5
1363 10
1364 10
1365 1
1366 1
1367 1
1368 1
1369 1
1370 2
1371 0
1372 8
1373 4
1374 0
1375 2
1376 1
1377 1
1378 2
1379 2
1380 4
1381 3
1382 2
1383 0
1384 5
1385 6
1386 1
1387 1
1388 1
1389 1
1390 1
1391 1
1392 0
1393 2
1394 2
1395 2
1396 2
1397 1
1398 5
1399 1
1400 5
1401 1
1402 6
1403 0
1404 4
1405 2
1406 1
1407 1
1408 0
1409 0
1410 2
1411 7
1412 2
1413 4
1414 2
1415 5
1416 2
1417 8
1418 4
1419 1
1420 4
1421 6
1422 1
1423 2
1424 2
1425 0
1426 1
1427 2
1428 2
1429 1
1430 6
1431 15
1432 5
1433 1
1434 2
1435 0
1436 1
1437 1
1438 3
1439 5
1440 7
1441 1
1442 3
1443 2
1444 2
1445 2
1446 2
1447 1
1448 0
1449 0
1450 0
1451 1
1452 2
1453 1
1454 1
1455 2
1456 6
1457 1
1458 3
1459 3
1460 3
1461 8
1462 1
1463 5
1464 9
1465 2
1466 1
1467 1
1468 1
1469 1
1470 2
1471 4
1472 2
1473 0
1474 0
1475 1
1476 1
1477 3
1478 0
1479 0
1480 9
1481 3
1482 0
1483 0
1484 1
1485 1
1486 3
1487 3
1488 1
1489 4
1490 0
1491 1
1492 4
1493 3
1494 2
1495 8
1496 4
1497 2
1498 0
1499 1
1500 1
1501 1
1502 2
1503 5
1504 1
1505 2
1506 1
1507 1
1508 1
1509 2
1510 1
1511 2
1512 2
1513 2
1514 2
1515 2
1516 6
1517 6
1518 6
1519 8
1520 6
1521 0
1522 4
1523 0
1524 0
1525 0
1526 1
1527 1
1528 0
1529 6
1530 2
1531 2
1532 5
1533 2
1534 2
1535 0
1536 1
1537 1
1538 1
1539 4
1540 3
1541 3
1542 2
1543 0
1544 3
1545 3
1546 1
1547 6
1548 6
1549 0
1550 0
1551 1
1552 3
1553 3
1554 2
1555 2
1556 1
1557 3
1558 2
1559 0
1560 3
1561 5
1562 8
1563 2
1564 1
1565 7
1566 2
1567 2
1568 11
1569 1
1570 1
1571 2
1572 2
1573 2
1574 1
1575 6
1576 0
1577 1
1578 2
1579 2
1580 2
1581 4
1582 0
1583 0
1584 0
1585 0
1586 1
1587 1
1588 7
1589 1
1590 2
1591 1
1592 0
1593 1
1594 1
1595 1
1596 3
1597 4
1598 1
1599 2
1600 3
1601 3
1602 3
1603 1
1604 1
1605 0
1606 3
1607 0
1608 3
1609 7
1610 3
1611 0
1612 0
1613 1
1614 4
1615 1
1616 0
1617 2
1618 5
1619 0
1620 0
1621 2
1622 1
1623 1
1624 3
1625 6
1626 4
1627 1
1628 5
1629 6
1630 0
1631 4
1632 1
1633 7
1634 4
1635 4
1636 5
1637 5
1638 6
1639 5
1640 5
1641 2
1642 2
1643 0
1644 4
1645 1
1646 2
1647 2
1648 1
1649 1
1650 1
1651 0
1652 1
1653 2
1654 0
1655 1
1656 0
1657 2
1658 1
1659 1
1660 0
1661 2
1662 5
1663 3
1664 0
1665 1
1666 2
1667 1
1668 4
1669 3
1670 0
1671 0
1672 4
1673 1
1674 1
1675 1
1676 3
1677 1
1678 1
1679 1
1680 1
1681 1
1682 1
1683 0
1684 2
1685 1
1686 1
1687 0
1688 2
1689 2
1690 2
1691 1
1692 1
1693 6
1694 2
1695 2
1696 2
1697 2
1698 1
1699 1
1700 4
1701 4
1702 13
1703 0
1704 1
1705 5
1706 2
1707 2
1708 2
1709 2
1710 1
1711 5
1712 1
1713 0
1714 4
1715 0
1716 1
1717 1
1718 0
1719 1
1720 1
1721 3
1722 1
1723 2
1724 0
1725 0
1726 1
1727 1
1728 1
1729 1
1730 0
1731 3
1732 3
1733 0
1734 3
1735 7
1736 2
1737 2
1738 4
1739 3
1740 1
1741 0
1742 2
1743 2
1744 0
1745 1
1746 1
1747 1
1748 2
1749 1
1750 3
1751 2
1752 1
1753 1
1754 3
1755 3
1756 3
1757 2
1758 2
1759 3
1760 3
1761 3
1762 1
1763 2
1764 2
1765 2
1766 0
1767 2
1768 0
1769 0
1770 12
1771 17
1772 12
1773 12
1774 0
1775 1
1776 1
1777 1
1778 1
1779 0
1780 0
1781 3
1782 2
1783 2
1784 4
1785 0
1786 1
1787 1
1788 1
1789 1
1790 0
1791 3
1792 1
1793 0
1794 2
1795 3
1796 1
1797 11
1798 10
1799 10
1800 1
1801 1
1802 2
1803 3
1804 0
1805 2
1806 3
1807 2
1808 1
1809 1
1810 5
1811 3
1812 1
1813 1
1814 1
1815 0
1816 2
1817 3
1818 2
1819 1
1820 0
1821 1
1822 1
1823 1
1824 5
1825 2
1826 2
1827 2
1828 4
1829 1
1830 1
1831 2
1832 2
1833 2
1834 0
1835 1
1836 1
1837 1
1838 2
1839 5
1840 1
1841 1
1842 1
1843 13
1844 5
1845 5
1846 5
1847 4
1848 13
1849 4
1850 8
1851 11
1852 1
1853 1
1854 2
1855 2
1856 1
1857 1
1858 1
1859 1
1860 4
1861 5
1862 4
1863 1
1864 1
1865 2
1866 1
1867 0
1868 5
1869 1
1870 1
1871 3
1872 3
1873 3
1874 3
1875 2
1876 1
1877 0
1878 1
1879 2
1880 1
1881 1
1882 2
1883 2
1884 1
1885 0
1886 1
1887 1
1888 1
1889 1
1890 1
1891 1
1892 4
1893 2
1894 2
1895 2
1896 0
1897 2
1898 2
1899 2
1900 2
1901 4
1902 0
1903 4
1904 2
1905 3
1906 0
1907 3
1908 3
1909 2
1910 1
1911 1
1912 1
1913 1
1914 2
1915 3
1916 1
1917 3
1918 1
1919 0
1920 1
1921 1
1922 1
1923 1
1924 3
1925 0
1926 1
1927 1
1928 0
1929 1
1930 2
1931 2
1932 2
1933 2
1934 1
1935 1
1936 1
1937 1
1938 1
1939 3
1940 6
1941 3
1942 3
1943 3
1944 1
1945 1
1946 0
1947 0
1948 2
1949 1
1950 3
1951 2
1952 1
1953 1
1954 1
1955 1
1956 0
1957 2
1958 4
1959 2
1960 2
1961 0
1962 2
1963 1
1964 0
1965 2
1966 2
1967 2
1968 4
1969 1
1970 1
1971 1
1972 3
1973 1
1974 1
1975 1
1976 3
1977 0
1978 0
1979 1
1980 2
1981 2
1982 2
1983 5
1984 1
1985 1
1986 0
1987 1
1988 1
1989 2
1990 1
1991 0
1992 1
1993 1
1994 1
1995 0
1996 3
1997 3
1998 3
1999 0
2000 4
2001 1
2002 6
2003 3
2004 2
2005 2
2006 2
2007 2
2008 0
2009 3
2010 3
2011 1
2012 0
2013 0
2014 1
2015 4
2016 2
2017 1
2018 1
2019 1
2020 0
2021 0
2022 1
2023 1
2024 2
2025 2
2026 0
2027 4
2028 2
2029 4
2030 2
2031 3
2032 3
2033 2
2034 3
2035 1
2036 1
2037 1
2038 1
2039 0
2040 2
2041 3
2042 2
2043 2
2044 2
2045 2
2046 2
2047 2
2048 2
2049 1
2050 2
2051 3
2052 2
2053 2
2054 2
2055 0
2056 2
2057 2
2058 0
2059 2
2060 2
2061 2
2062 2
2063 0
2064 0
2065 0
2066 2
2067 6
2068 1
2069 1
2070 0
2071 1
2072 0
2073 1
2074 1
2075 1
2076 2
2077 2
2078 0
2079 0
2080 1
2081 1
2082 2
2083 0
2084 1
2085 1
2086 4
2087 4
2088 4
2089 2
2090 0
2091 1
2092 1
2093 2
2094 2
2095 1
2096 1
2097 1
2098 1
2099 2
2100 2
2101 2
2102 1
2103 4
2104 1
2105 1
2106 0
2107 4
2108 1
2109 3
2110 0
2111 4
2112 4
2113 0
2114 4
2115 2
2116 0
2117 3
2118 2
2119 0
2120 1
2121 9
2122 2
2123 3
2124 2
2125 0
2126 2
2127 0
2128 0
2129 0
2130 1
2131 2
2132 1
2133 1
2134 1
2135 2
2136 1
2137 2
2138 1
2139 3
2140 1
2141 3
2142 2
2143 3
2144 1
2145 1
2146 1
2147 1
2148 1
2149 0
2150 5
2151 5
2152 1
2153 3
2154 1
2155 1
2156 2
2157 2
2158 2
2159 3
2160 3
2161 0
2162 2
2163 2
2164 2
2165 1
2166 1
2167 2
2168 2
2169 1
2170 0
2171 2
2172 1
2173 2
2174 2
2175 0
2176 3
2177 1
2178 0
2179 3
2180 2
2181 2
2182 1
2183 0
2184 0
2185 2
2186 2
2187 2
2188 2
2189 0
2190 2
2191 3
2192 2
2193 1
2194 1
2195 0
2196 2
2197 2
2198 2
2199 1
2200 1
2201 2
2202 2
2203 2
2204 2
2205 2
2206 4
2207 4
2208 3
2209 2
2210 2
2211 2
2212 1
2213 1
2214 3
2215 3
2216 1
2217 2
2218 1
2219 4
2220 0
2221 2
2222 1
2223 1
2224 0
2225 2
2226 2
2227 2
2228 2
2229 3
2230 4
2231 3
2232 4
2233 1
2234 1
2235 2
2236 2
2237 4
2238 2
2239 3
2240 3
2241 1
2242 2
2243 0
2244 0
2245 2
2246 1
2247 1
2248 2
2249 1
2250 1
2251 0
2252 0
2253 0
2254 1
2255 2
2256 2
2257 2
2258 1
2259 1
2260 3
2261 2
2262 0
2263 1
2264 1
2265 1
2266 1
2267 0
2268 1
2269 1
2270 0
2271 2
2272 2
2273 2
2274 2
2275 1
2276 1
2277 0
2278 4
2279 5
2280 4
2281 4
2282 2
2283 2
2284 1
2285 5
2286 2
2287 1
2288 2
2289 1
2290 1
2291 0
2292 3
2293 3
2294 3
2295 1
2296 2
2297 2
2298 2
2299 2
2300 2
2301 2
2302 2
2303 1
2304 0
2305 5
2306 5
2307 5
2308 5
2309 6
2310 1
2311 1
2312 1
2313 1
2314 2
2315 2
2316 1
2317 1
2318 2
2319 2
2320 2
2321 0
2322 0
2323 3
2324 0
2325 3
2326 3
2327 2
2328 2
2329 2
2330 1
2331 3
2332 3
2333 3
2334 2
2335 1
2336 1
2337 1
2338 0
2339 0
2340 1
2341 1
2342 0
2343 4
2344 2
2345 1
2346 0
2347 1
2348 3
2349 1
2350 2
2351 2
2352 3
2353 3
2354 0
2355 2
2356 1
2357 1
2358 1
2359 0
2360 2
2361 2
2362 2
2363 0
2364 1
2365 1
2366 3
2367 4
2368 4
2369 0
2370 0
2371 0
2372 1
2373 0
2374 0
2375 1
2376 1
2377 2
2378 1
2379 1
2380 1
2381 0
2382 1
2383 0
2384 0
2385 2
2386 0
2387 5
2388 5
2389 5
2390 3
2391 1
2392 0
2393 4
2394 4
2395 0
2396 0
2397 1
2398 1
2399 2
2400 0
2401 0
2402 1
2403 1
2404 2
2405 0
2406 2
2407 1
2408 1
2409 1
2410 3
2411 2
2412 3
2413 2
2414 0
2415 2
2416 4
2417 4
2418 5
2419 0
2420 1
2421 1
2422 2
2423 0
2424 3
2425 0
2426 0
2427 5
2428 5
2429 2
2430 2
2431 2
2432 0
2433 1
2434 1
2435 1
2436 2
2437 2
2438 2
2439 1
2440 2
2441 0
2442 3
2443 4
2444 1
2445 0
2446 1
2447 2
2448 2
2449 2
2450 0
2451 2
2452 1
2453 0
2454 2
2455 2
2456 2
2457 1
2458 1
2459 1
2460 1
2461 1
2462 1
2463 1
2464 1
2465 4
2466 4
2467 4
2468 4
2469 4
2470 1
2471 4
2472 4
2473 4
2474 1
2475 1
2476 0
2477 1
2478 0
2479 1
2480 3
2481 1
2482 2
2483 2
2484 1
2485 2
2486 0
2487 0
2488 2
2489 2
2490 2
2491 4
2492 4
2493 0
2494 2
2495 1
2496 0
2497 0
2498 1
2499 0
2500 1
2501 2
2502 2
2503 2
2504 0
2505 0
2506 3
2507 0
2508 2
2509 2
2510 4
2511 1
2512 1
2513 1
2514 2
2515 2
2516 1
2517 1
2518 1
2519 4
2520 5
2521 1
2522 3
2523 1
2524 1
2525 1
2526 3
2527 3
2528 1
2529 1
2530 0
2531 0
2532 1
2533 0
2534 2
2535 1
2536 2
2537 0
2538 0
2539 1
2540 1
2541 0
2542 1
2543 1
2544 3
2545 3
2546 3
2547 1
2548 1
2549 2
2550 2
2551 0
2552 1
2553 4
2554 1
2555 1
2556 1
2557 5
2558 5
2559 5
2560 5
2561 5
2562 1
2563 1
2564 2
2565 3
2566 2
2567 0
2568 2
2569 2
2570 2
2571 4
2572 4
2573 4
2574 4
2575 4
2576 1
2577 2
2578 2
2579 2
2580 1
2581 3
2582 3
2583 1
2584 0
2585 1
2586 1
2587 0
2588 1
2589 1
2590 1
2591 1
2592 2
2593 0
2594 3
2595 3
2596 3
2597 1
2598 1
2599 1
2600 0
2601 2
2602 2
2603 2
2604 1
2605 1
2606 1
2607 1
2608 1
2609 1
2610 1
2611 2
2612 2
2613 1
2614 0
2615 0
2616 2
2617 1
2618 1
2619 2
2620 3
2621 2
2622 2
2623 2
2624 1
2625 0
2626 1
2627 2
2628 2
2629 2
2630 2
2631 1
2632 0
2633 0
2634 1
2635 2
2636 2
2637 1
2638 0
2639 2
2640 0
2641 3
2642 6
2643 5
2644 1
2645 1
2646 1
2647 4
2648 4
2649 4
2650 2
2651 1
2652 0
2653 1
2654 1
2655 0
2656 1
2657 1
2658 1
2659 1
2660 2
2661 2
2662 2
2663 1
2664 4
2665 4
2666 4
2667 4
2668 2
2669 1
2670 2
2671 2
2672 1
2673 0
2674 2
2675 2
2676 2
2677 0
2678 3
2679 2
2680 2
2681 2
2682 1
2683 0
2684 1
2685 1
2686 1
2687 3
2688 1
2689 0
2690 0
2691 4
2692 1
2693 2
2694 2
2695 2
2696 1
2697 2
2698 1
2699 0
2700 1
2701 0
2702 3
2703 0
2704 0
2705 10
2706 2
2707 4
2708 2
2709 0
2710 1
2711 1
2712 0
2713 0
2714 0
2715 1
2716 0
2717 1
2718 3
2719 3
2720 3
2721 3
2722 1
2723 1
2724 2
2725 2
2726 2
2727 2
2728 2
2729 0
2730 5
2731 0
2732 0
2733 2
2734 1
2735 2
2736 2
2737 3
2738 3
2739 3
2740 1
2741 3
2742 1
2743 1
2744 1
2745 0
2746 2
2747 2
2748 1
2749 1
2750 4
2751 1
2752 0
2753 2
2754 2
2755 1
2756 1
2757 1
2758 1
2759 1
2760 1
2761 0
2762 1
2763 3
2764 3
2765 3
2766 1
2767 1
2768 3
2769 2
2770 2
2771 0
2772 1
2773 0
2774 0
2775 2
2776 1
2777 2
2778 3
2779 2
2780 2
2781 0
2782 2
2783 2
2784 0
2785 1
2786 1
2787 3
2788 3
2789 3
2790 1
2791 2
2792 1
2793 1
2794 1
2795 1
2796 1
2797 0
2798 0
2799 6
2800 2
2801 2
2802 1
2803 2
2804 2
2805 2
2806 1
2807 1
2808 1
2809 0
2810 1
2811 1
2812 1
2813 0
2814 0
2815 2
2816 1
2817 2
2818 0
2819 2
2820 1
2821 2
2822 4
2823 0
2824 2
2825 0
2826 3
2827 3
2828 4
2829 4
2830 4
2831 4
2832 0
2833 0
2834 2
2835 2
2836 1
2837 3
2838 3
2839 1
2840 1
2841 6
2842 8
2843 8
2844 8
2845 8
2846 8
2847 1
2848 2
2849 0
2850 1
2851 1
2852 2
2853 0
2854 3
2855 3
2856 3
2857 9
2858 1
2859 1
2860 2
2861 1
2862 1
2863 2
2864 1
2865 1
2866 2
2867 0
2868 1
2869 1
2870 3
2871 1
2872 3
2873 1
2874 1
2875 1
2876 0
2877 2
2878 0
2879 1
2880 1
2881 1
2882 1
2883 1
2884 0
2885 0
2886 2
2887 1
2888 1
2889 0
2890 1
2891 1
2892 1
2893 1
2894 0
2895 1
2896 1
2897 1
2898 0
2899 3
2900 3
2901 3
2902 3
2903 1
2904 1
2905 1
2906 1
2907 3
2908 6
2909 3
2910 0
2911 2
2912 0
2913 0
2914 1
2915 0
2916 1
2917 0
2918 0
2919 0
2920 0
2921 1
2922 1
2923 0
2924 1
2925 0
2926 0
2927 0
2928 1
2929 0
2930 1
2931 1
2932 0
2933 1
2934 2
2935 2
2936 0
2937 0
2938 0
2939 1
2940 1
2941 0
2942 1
2943 2
2944 1
2945 1
2946 0
2947 1
2948 1
2949 1
2950 2
2951 2
2952 2
2953 2
2954 2
2955 2
2956 2
2957 2
2958 1
2959 0
2960 1
2961 0
2962 0
2963 0
2964 0
2965 1
2966 0
2967 0
2968 1
2969 1
2970 1
2971 1
2972 1
2973 0
2974 0
2975 0
2976 2
2977 0
2978 2
2979 2
2980 1
2981 1
2982 0
2983 1
2984 1
2985 1
2986 2
2987 2
2988 2
2989 2
2990 2
2991 2
2992 2
2993 3
2994 3
2995 0
2996 1
2997 0
2998 3
2999 1
3000 1
3001 2
3002 2
3003 2
3004 0
3005 4
3006 3
3007 1
3008 1
3009 1
3010 1
3011 1
3012 0
3013 2
3014 2
3015 2
3016 0
3017 0
3018 1
3019 1
3020 1
3021 1
3022 0
3023 0
3024 1
3025 1
3026 0
3027 1
3028 1
3029 0
3030 0
3031 0
3032 1
3033 1
3034 2
3035 2
3036 2
3037 0
3038 0
3039 1
3040 1
3041 1
3042 1
3043 1
3044 1
3045 0
3046 0
3047 1
3048 1
3049 1
3050 1
3051 0
3052 3
3053 3
3054 3
3055 3
3056 0
3057 0
3058 0
3059 1
3060 0
3061 0
3062 0
3063 0
3064 0
3065 0
3066 0
3067 0
3068 0
3069 0
3070 0
3071 0
3072 0
3073 0
3074 0
3075 0
3076 0
3077 0
3078 0
3079 0
3080 0
3081 0
3082 0
3083 0
3084 0
3085 0
3086 0
3087 0
3088 0
3089 0
3090 0
3091 0
3092 0
3093 0
3094 0
3095 0
3096 0
3097 0
3098 0
3099 0
3100 0
3101 0
3102 0
3103 0
3104 0
3105 0
3106 0
3107 0
3108 0
3109 0
3110 0
3111 0
3112 0
3113 0
3114 0
3115 0
3116 0
3117 0
3118 0
3119 0
3120 0
3121 0
3122 0
3123 0
3124 0
3125 0
3126 0
3127 0
3128 0
3129 0
3130 0
3131 0
3132 0
3133 0
3134 0
3135 0
3136 0
3137 0
3138 0
3139 0
3140 0
3141 0
3142 0
3143 0
3144 0
3145 0
3146 0
3147 0
3148 0
3149 0
3150 0
3151 0
3152 0
3153 0
3154 0
3155 0
3156 0
3157 0
3158 0
3159 0
3160 0
3161 0
3162 0
3163 0
3164 0
3165 0
3166 0
3167 0
3168 0
3169 0
3170 0
3171 0
3172 0
3173 0
3174 0
3175 0
3176 0
3177 0
3178 0
3179 0
3180 0
3181 0
3182 0
3183 0
3184 0
3185 0
3186 0
3187 0
3188 0
3189 0
3190 0
3191 0
3192 0
3193 0
3194 0
3195 0
3196 0
3197 0
3198 0
3199 0
3200 0
3201 0
3202 0
3203 0
3204 0
3205 0
3206 0
3207 0
3208 0
3209 0
3210 0
3211 0
3212 0
3213 0
3214 0
3215 0
3216 0
3217 0
3218 0
3219 0
3220 0
3221 0
3222 0
3223 0
3224 0
3225 0
3226 0
3227 0
3228 0
3229 0
3230 0
3231 0
3232 0
3233 0
3234 0
3235 0
3236 0
3237 0
3238 0
3239 0
3240 0
3241 0
3242 0
3243 0
3244 0
3245 0
3246 0
3247 0
3248 0
3249 0
3250 0
3251 0
3252 0
3253 0
3254 0
3255 0
3256 0
3257 0
3258 0
3259 0
3260 0
3261 0
3262 0
3263 0
3264 0
3265 0
3266 0
3267 0
3268 0
3269 0
3270 0
3271 0
3272 0
3273 0
3274 0
3275 0
3276 0
3277 0
3278 0
3279 0
3280 0
3281 0
3282 0
3283 0
3284 0
3285 0
3286 0
3287 0
3288 0
3289 0
3290 0
3291 0
3292 0
3293 0
3294 0
3295 0
3296 0
3297 0
3298 0
3299 0
3300 0
3301 0
3302 0
3303 0
3304 0
3305 0
3306 0
3307 0
3308 0
3309 0
3310 0
3311 0
3312 0
3313 0
3314 0
3315 0
3316 0
3317 0
3318 0
3319 0
3320 0
3321 0
3322 0
3323 0
3324 0
3325 0
3326 0
3327 0
3328 0
3329 0
3330 0
3331 0
3332 0
3333 0
3334 0
3335 0
3336 0
3337 0
3338 0
3339 0
3340 0
3341 0
3342 0
3343 0
3344 0
3345 0
3346 0
3347 0
3348 0
3349 0
3350 0
3351 0
3352 0
3353 0
3354 0
3355 0
3356 0
3357 0
3358 0
3359 0
3360 0
3361 0
3362 0
3363 0
3364 0
3365 0
3366 0
3367 0
3368 0
3369 0
3370 0
3371 0
3372 0
3373 0
3374 0
3375 0
3376 0
3377 0
3378 0
3379 0
3380 0
3381 0
3382 0
3383 0
3384 0
3385 0
3386 0
3387 0
3388 0
3389 0
3390 0
3391 0
3392 0
3393 0
3394 0
3395 0
3396 0
3397 0
3398 0
3399 0
3400 0
3401 0
3402 0
3403 0
3404 0
3405 0
3406 0
3407 0
3408 0
3409 0
3410 0
3411 0
3412 0
3413 0
3414 0
3415 0
3416 0
3417 0
3418 0
3419 0
3420 0
3421 0
3422 0
3423 0
3424 0
3425 0
3426 0
3427 0
3428 0
3429 0
3430 0
3431 0
3432 0
3433 0
3434 0
3435 0
3436 0
3437 0
3438 0
3439 0
3440 0
3441 0
3442 0
3443 0
3444 0
3445 0
3446 0
3447 0
3448 0
3449 0
3450 0
3451 0
3452 0
3453 0
3454 0
3455 0
3456 0
3457 0
3458 0
3459 0
3460 0
3461 0
3462 0
3463 0
3464 0
3465 0
3466 0
3467 0
3468 0
3469 0
3470 0
3471 0
3472 0
3473 0
3474 0
3475 0
3476 0
3477 0
3478 0
3479 0
3480 0
3481 0
3482 0
3483 0
3484 0
3485 0
3486 0
3487 0
3488 0
3489 0
3490 0
3491 0
3492 0
3493 0
3494 0
3495 0
3496 0
3497 0
3498 0
3499 0
3500 0
3501 0
3502 0
3503 0
3504 0
3505 0
3506 0
3507 0
3508 0
3509 0
3510 0
3511 0
3512 0
3513 0
3514 0
3515 0
3516 0
3517 0
3518 0
3519 0
3520 0
3521 0
3522 0
3523 0
3524 0
3525 0
3526 0
3527 0
3528 0
3529 0
3530 0
3531 0
3532 0
3533 0
3534 0
3535 0
3536 0
3537 0
3538 0
3539 0
3540 0
3541 0
3542 0
3543 0
3544 0
3545 0
3546 0
3547 0
3548 0
3549 0
3550 0
3551 0
3552 0
3553 0
3554 0
3555 0
3556 0
3557 0
3558 0
3559 0
3560 0
3561 0
3562 0
3563 0
3564 0
3565 0
3566 0
3567 0
3568 0
3569 0
3570 0
3571 0
3572 0
3573 0
3574 0
3575 0
3576 0
3577 0
3578 0
3579 0
3580 0
3581 0
3582 0
3583 0
3584 0
3585 0
3586 0
3587 0
3588 0
3589 0
3590 0
3591 0
3592 0
3593 0
3594 0
3595 0
3596 0
3597 0
3598 0
3599 0
3600 0
3601 0
3602 0
3603 0
3604 0
3605 0
3606 0
3607 0
3608 0
3609 0
3610 0
3611 0
3612 0
3613 0
3614 0
3615 0
3616 0
3617 0
3618 0
3619 0
3620 0
3621 0
3622 0
3623 0
3624 0
3625 0
3626 0
3627 0
3628 0
3629 0
3630 0
3631 0
3632 0
3633 0
3634 0
3635 0
3636 0
3637 0
3638 0
3639 0
3640 0
3641 0
3642 0
3643 0
3644 0
3645 0
3646 0
3647 0
3648 0
3649 0
3650 0
3651 0
3652 0
3653 0
3654 0
3655 0
3656 0
3657 0
3658 0
3659 0
3660 0
3661 0
3662 0
3663 0
3664 0
3665 0
3666 0
3667 0
3668 0
3669 0
3670 0
3671 0
3672 0
3673 0
3674 0
3675 0
3676 0
3677 0
3678 0
3679 0
3680 0
3681 0
3682 0
3683 0
3684 0
3685 0
3686 0
3687 0
3688 0
3689 0
3690 0
3691 0
3692 0
3693 0
3694 0
3695 0
3696 0
3697 0
3698 0
3699 0
3700 0
3701 0
3702 0
3703 0
3704 0
3705 0
3706 0
3707 0
3708 0
3709 0
3710 0
3711 0
3712 0
3713 0
3714 0
3715 0
3716 0
3717 0
3718 0
3719 0
3720 0
3721 0
3722 0
3723 0
3724 0
3725 0
3726 0
3727 0
3728 0
3729 0
3730 0
3731 0
3732 0
3733 0
3734 0
3735 0
3736 0
3737 0
3738 0
3739 0
3740 0
3741 0
3742 0
3743 0
3744 0
3745 0
3746 0
3747 0
3748 0
3749 0
3750 0
3751 0
3752 0
3753 0
3754 0
3755 0
3756 0
3757 0
3758 0
3759 0
3760 0
3761 0
3762 0
3763 0
3764 0
3765 0
3766 0
3767 0
3768 0
3769 0
3770 0
3771 0
3772 0
3773 0
3774 0
3775 0
3776 0
3777 0
3778 0
3779 0
3780 0
3781 0
3782 0
3783 0
3784 0
3785 0
3786 0
3787 0
3788 0
3789 0
3790 0
3791 0
3792 0
3793 0
3794 0
3795 0
3796 0
3797 0
3798 0
3799 0
3800 0
3801 0
3802 0
3803 0
3804 0
3805 0
3806 0
3807 0
3808 0
3809 0
3810 0
3811 0
3812 0
3813 0
3814 0
3815 0
3816 0
3817 0
3818 0
3819 0
3820 0
3821 0
3822 0
3823 0
3824 0
3825 0
3826 0
3827 0
3828 0
3829 0
3830 0
3831 0
3832 0
3833 0
3834 0
3835 0
3836 0
3837 0
3838 0
3839 0
3840 0
3841 0
3842 0
3843 0
3844 0
3845 0
3846 0
3847 0
3848 0
3849 0
3850 0
3851 0
3852 0
3853 0
3854 0
3855 0
3856 0
3857 0
3858 0
3859 0
3860 0
3861 0
3862 0
3863 0
3864 0
3865 0
3866 0
3867 0
3868 0
3869 0
3870 0
3871 0
3872 0
3873 0
3874 0
3875 0
3876 0
3877 0
3878 0
3879 0
3880 0
3881 0
3882 0
3883 0
3884 0
3885 0
3886 0
3887 0
3888 0
3889 0
3890 0
3891 0
3892 0
3893 0
3894 0
3895 0
3896 0
3897 0
3898 0
3899 0
3900 0
3901 0
3902 0
3903 0
3904 0
3905 0
3906 0
3907 0
3908 0
3909 0
3910 0
3911 0
3912 0
3913 0
3914 0
3915 0
3916 0
3917 0
3918 0
3919 0
3920 0
3921 0
3922 0
3923 0
3924 0
3925 0
3926 0
3927 0
3928 0
3929 0
3930 0
3931 0
3932 0
3933 0
3934 0
3935 0
3936 0
3937 0
3938 0
3939 0
3940 0
3941 0
3942 0
3943 0
3944 0
3945 0
3946 0
3947 0
3948 0
3949 0
3950 0
3951 0
3952 0
3953 0
3954 0
3955 0
3956 0
3957 0
3958 0
3959 0
3960 0
3961 0
3962 0
3963 0
3964 0
3965 0
3966 0
3967 0
3968 0
3969 0
3970 0
3971 0
3972 0
3973 0
3974 0
3975 0
3976 0
3977 0
3978 0
3979 0
3980 0
3981 0
3982 0
3983 0
3984 0
3985 0
3986 0
3987 0
3988 0
3989 0
3990 0
3991 0
3992 0
3993 0
3994 0
3995 0
3996 0
3997 0
3998 0
3999 0
4000 0
4001 0
4002 0
4003 0
4004 0
4005 0
4006 0
4007 0
4008 0
4009 0
4010 0
4011 0
4012 0
4013 0
4014 0
4015 0
4016 0
4017 0
4018 0
4019 0
4020 0
4021 0
4022 0
4023 0
4024 0
4025 0
4026 0
4027 0
4028 0
4029 0
4030 0
4031 0
4032 0
4033 0
4034 0
4035 0
4036 0
4037 0
4038 0
4039 0
4040 0
4041 0
4042 0
4043 0
4044 0
4045 0
4046 0
4047 0
4048 0
4049 0
4050 0
4051 0
4052 0
4053 0
4054 0
4055 0
4056 0
4057 0
4058 0
4059 0
4060 0
4061 0
4062 0
4063 0
4064 0
4065 0
4066 0
4067 0
4068 0
4069 0
4070 0
4071 0
4072 0
4073 0
4074 0
4075 0
4076 0
4077 0
4078 0
4079 0
4080 0
4081 0
4082 0
4083 0
4084 0
4085 0
4086 0
4087 0
4088 0
4089 0
4090 0
4091 0
4092 0
4093 0
4094 0
4095 0
4096 0
4097 0
4098 0
4099 0
4100 0
4101 0
4102 0
4103 0
4104 0
4105 0
4106 0
4107 0
4108 0
4109 0
4110 0
4111 0
4112 0
4113 0
4114 0
4115 0
4116 0
4117 0
4118 0
4119 0
4120 0
4121 0
4122 0
4123 0
4124 0
4125 0
4126 0
4127 0
4128 0
4129 0
4130 0
4131 0
4132 0
4133 0
4134 0
4135 0
4136 0
4137 0
4138 0
4139 0
4140 0
4141 0
4142 0
4143 0
4144 0
4145 0
4146 0
4147 0
4148 0
4149 0
4150 0
4151 0
4152 0
4153 0
4154 0
4155 0
4156 0
4157 0
4158 0
4159 0
4160 0
4161 0
4162 0
4163 0
4164 0
4165 0
4166 0
4167 0
4168 0
4169 0
4170 0
4171 0
4172 0
4173 0
4174 0
4175 0
4176 0
4177 0
4178 0
4179 0
4180 0
4181 0
4182 0
4183 0
4184 0
4185 0
4186 0
4187 0
4188 0
4189 0
4190 0
4191 0
4192 0
4193 0
4194 0
4195 0
4196 0
4197 0
4198 0
4199 0
4200 0
4201 0
4202 0
4203 0
4204 0
4205 0
4206 0
4207 0
4208 0
4209 0
4210 0
4211 0
4212 0
4213 0
4214 0
4215 0
4216 0
4217 0
4218 0
4219 0
4220 0
4221 0
4222 0
4223 0
4224 0
4225 0
4226 0
4227 0
4228 0
4229 0
4230 0
4231 0
4232 0
4233 0
4234 0
4235 0
4236 0
4237 0
4238 0
4239 0
4240 0
4241 0
4242 0
4243 0
4244 0
4245 0
4246 0
4247 0
4248 0
4249 0
4250 0
4251 0
4252 0
4253 0
4254 0
4255 0
4256 0
4257 0
4258 0
4259 0
4260 0
4261 0
4262 0
4263 0
4264 0
4265 0
4266 0
4267 0
4268 0
4269 0
4270 0
4271 0
4272 0
4273 0
4274 0
4275 0
4276 0
4277 0
4278 0
4279 0
4280 0
4281 0
4282 0
4283 0
4284 0
4285 0
4286 0
4287 0
4288 0
4289 0
4290 0
4291 0
4292 0
4293 0
4294 0
4295 0
4296 0
4297 0
4298 0
4299 0
4300 0
4301 0
4302 0
4303 0
4304 0
4305 0
4306 0
4307 0
4308 0
4309 0
4310 0
4311 0
4312 0
4313 0
4314 0
4315 0
4316 0
4317 0
4318 0
4319 0
4320 0
4321 0
4322 0
4323 0
4324 0
4325 0
4326 0
4327 0
4328 0
4329 0
4330 0
4331 0
4332 0
4333 0
4334 0
4335 0
4336 0
4337 0
4338 0
4339 0
4340 0
4341 0
4342 0
4343 0
4344 0
4345 0
4346 0
4347 0
4348 0
4349 0
4350 0
4351 0
4352 0
4353 0
4354 0
4355 0
4356 0
4357 0
4358 0
4359 0
4360 0
4361 0
4362 0
4363 0
4364 0
4365 0
4366 0
4367 0
4368 0
4369 0
4370 0
4371 0
4372 0
4373 0
4374 0
4375 0
4376 0
4377 0
4378 0
4379 0
4380 0
4381 0
4382 0
4383 0
4384 0
4385 0
4386 0
4387 0
4388 0
4389 0
4390 0
4391 0
4392 0
4393 0
4394 0
4395 0
4396 0
4397 0
4398 0
4399 0
4400 0
4401 0
4402 0
4403 0
4404 0
4405 0
4406 0
4407 0
4408 0
4409 0
4410 0
4411 0
4412 0
4413 0
4414 0
4415 0
4416 0
4417 0
4418 0
4419 0
4420 0
4421 0
4422 0
4423 0
4424 0
4425 0
4426 0
4427 0
4428 0
4429 0
4430 0
4431 0
4432 0
4433 0
4434 0
4435 0
4436 0
4437 0
4438 0
4439 0
4440 0
4441 0
4442 0
4443 0
4444 0
4445 0
4446 0
4447 0
4448 0
4449 0
4450 0
4451 0
4452 0
4453 0
4454 0
4455 0
4456 0
4457 0
4458 0
4459 0
4460 0
4461 0
4462 0
4463 0
4464 0
4465 0
4466 0
4467 0
4468 0
4469 0
4470 0
4471 0
4472 0
4473 0
4474 0
4475 0
4476 0
4477 0
4478 0
4479 0
4480 0
4481 0
4482 0
4483 0
4484 0
4485 0
4486 0
4487 0
4488 0
4489 0
4490 0
4491 0
4492 0
4493 0
4494 0
4495 0
4496 0
4497 0
4498 0
4499 0
4500 0
4501 0
4502 0
4503 0
4504 0
4505 0
4506 0
4507 0
4508 0
4509 0
4510 0
4511 0
4512 0
4513 0
4514 0
4515 0
4516 0
4517 0
4518 0
4519 0
4520 0
4521 0
4522 0
4523 0
4524 0
4525 0
4526 0
4527 0
4528 0
4529 0
4530 0
4531 0
4532 0
4533 0
4534 0
4535 0
4536 0
4537 0
4538 0
4539 0
4540 0
4541 0
4542 0
4543 0
4544 0
4545 0
4546 0
4547 0
4548 0
4549 0
4550 0
4551 0
4552 0
4553 0
4554 0
4555 0
4556 0
4557 0
4558 0
4559 0
4560 0
4561 0
4562 0
4563 0
4564 0
4565 0
4566 0
4567 0
4568 0
4569 0
4570 0
4571 0
4572 0
4573 0
4574 0
4575 0
4576 0
4577 0
4578 0
4579 0
4580 0
4581 0
4582 0
4583 0
4584 0
4585 0
4586 0
4587 0
4588 0
4589 0
4590 0
4591 0
4592 0
4593 0
4594 0
4595 0
4596 0
4597 0
4598 0
4599 0
4600 0
4601 0
4602 0
4603 0
4604 0
4605 0
4606 0
4607 0
4608 0
4609 0
4610 0
4611 0
4612 0
4613 0
4614 0
4615 0
4616 0
4617 0
4618 0
4619 0
4620 0
4621 0
4622 0
4623 0
4624 0
4625 0
4626 0
4627 0
4628 0
4629 0
4630 0
4631 0
4632 0
4633 0
4634 0
4635 0
4636 0
4637 0
4638 0
4639 0
4640 0
4641 0
4642 0
4643 0
4644 0
4645 0
4646 0
4647 0
4648 0
4649 0
4650 0
4651 0
4652 0
4653 0
4654 0
4655 0
4656 0
4657 0
4658 0
4659 0
4660 0
4661 0
4662 0
4663 0
4664 0
4665 0
4666 0
4667 0
4668 0
4669 0
4670 0
4671 0
4672 0
4673 0
4674 0
4675 0
4676 0
4677 0
4678 0
4679 0
4680 0
4681 0
4682 0
4683 0
4684 0
4685 0
4686 0
4687 0
4688 0
4689 0
4690 0
4691 0
4692 0
4693 0
4694 0
4695 0
4696 0
4697 0
4698 0
4699 0
4700 0
4701 0
4702 0
4703 0
4704 0
4705 0
4706 0
4707 0
4708 0
4709 0
4710 0
4711 0
4712 0
4713 0
4714 0
4715 0
4716 0
4717 0
4718 0
4719 0
4720 0
4721 0
4722 0
4723 0
4724 0
4725 0
4726 0
4727 0
4728 0
4729 0
4730 0
4731 0
4732 0
4733 0
4734 0
4735 0
4736 0
4737 0
4738 0
4739 0
4740 0
4741 0
4742 0
4743 0
4744 0
4745 0
4746 0
4747 0
4748 0
4749 0
4750 0
4751 0
4752 0
4753 0
4754 0
4755 0
4756 0
4757 0
4758 0
4759 0
4760 0
4761 0
4762 0
4763 0
4764 0
4765 0
4766 0
4767 0
4768 0
4769 0
4770 0
4771 0
4772 0
4773 0
4774 0
4775 0
4776 0
4777 0
4778 0
4779 0
4780 0
4781 0
4782 0
4783 0
4784 0
4785 0
4786 0
4787 0
4788 0
4789 0
4790 0
4791 0
4792 0
4793 0
4794 0
4795 0
4796 0
4797 0
4798 0
4799 0
4800 0
4801 0
4802 0
4803 0
4804 0
4805 0
4806 0
4807 0
4808 0
4809 0
4810 0
4811 0
4812 0
4813 0
4814 0
4815 0
4816 0
4817 0
4818 0
4819 0
4820 0
4821 0
4822 0
4823 0
4824 0
4825 0
4826 0
4827 0
4828 0
4829 0
4830 0
4831 0
4832 0
4833 0
4834 0
4835 0
4836 0
4837 0
4838 0
4839 0
4840 0
4841 0
4842 0
4843 0
4844 0
4845 0
4846 0
4847 0
4848 0
4849 0
4850 0
4851 0
4852 0
4853 0
4854 0
4855 0
4856 0
4857 0
4858 0
4859 0
4860 0
4861 0
4862 0
4863 0
4864 0
4865 0
4866 0
4867 0
4868 0
4869 0
4870 0
4871 0
4872 0
4873 0
4874 0
4875 0
4876 0
4877 0
4878 0
4879 0
4880 0
4881 0
4882 0
4883 0
4884 0
4885 0
4886 0
4887 0
4888 0
4889 0
4890 0
4891 0
4892 0
4893 0
4894 0
4895 0
4896 0
4897 0
4898 0
4899 0
4900 0
4901 0
4902 0
4903 0
4904 0
4905 0
4906 0
4907 0
4908 0
4909 0
4910 0
4911 0
4912 0
4913 0
4914 0
4915 0
4916 0
4917 0
4918 0
4919 0
4920 0
4921 0
4922 0
4923 0
4924 0
4925 0
4926 0
4927 0
4928 0
4929 0
4930 0
4931 0
4932 0
4933 0
4934 0
4935 0
4936 0
4937 0
4938 0
4939 0
4940 0
4941 0
4942 0
4943 0
4944 0
4945 0
4946 0
4947 0
4948 0
4949 0
4950 0
4951 0
4952 0
4953 0
4954 0
4955 0
4956 0
4957 0
4958 0
4959 0
4960 0
4961 0
4962 0
4963 0
4964 0
4965 0
4966 0
4967 0
4968 0
4969 0
4970 0
4971 0
4972 0
4973 0
4974 0
4975 0
4976 0
4977 0
4978 0
4979 0
4980 0
4981 0
4982 0
4983 0
4984 0
4985 0
4986 0
4987 0
4988 0
4989 0
4990 0
4991 0
4992 0
4993 0
4994 0
4995 0
4996 0
4997 0
4998 0
4999 0
5000 0
5001 0
5002 0
5003 0
5004 0
5005 0
5006 0
5007 0
5008 0
5009 0
5010 0
5011 0
5012 0
5013 0
5014 0
5015 0
5016 0
5017 0
5018 0
5019 0
5020 0
5021 0
5022 0
5023 0
5024 0
5025 0
5026 0
5027 0
5028 0
5029 0
5030 0
5031 0
5032 0
5033 0
5034 0
5035 0
5036 0
5037 0
5038 0
5039 0
5040 0
5041 0
5042 0
5043 0
5044 0
5045 0
5046 0
5047 0
5048 0
5049 0
5050 0
5051 0
5052 0
5053 0
5054 0
5055 0
5056 0
5057 0
5058 0
5059 0
5060 0
5061 0
5062 0
5063 0
5064 0
5065 0
5066 0
5067 0
5068 0
5069 0
5070 0
5071 0
5072 0
5073 0
5074 0
5075 0
5076 0
5077 0
5078 0
5079 0
5080 0
5081 0
5082 0
5083 0
5084 0
5085 0
5086 0
5087 0
5088 0
5089 0
5090 0
5091 0
5092 0
5093 0
5094 0
5095 0
5096 0
5097 0
5098 0
5099 0
5100 0
5101 0
5102 0
5103 0
5104 0
5105 0
5106 0
5107 0
5108 0
5109 0
5110 0
5111 0
5112 0
5113 0
5114 0
5115 0
5116 0
5117 0
5118 0
5119 0
5120 0
5121 0
5122 0
5123 0
5124 0
5125 0
5126 0
5127 0
5128 0
5129 0
5130 0
5131 0
5132 0
5133 0
5134 0
5135 0
5136 0
5137 0
5138 0
5139 0
5140 0
5141 0
5142 0
5143 0
5144 0
5145 0
5146 0
5147 0
5148 0
5149 0
5150 0
5151 0
5152 0
5153 0
5154 0
5155 0
5156 0
5157 0
5158 0
5159 0
5160 0
5161 0
5162 0
5163 0
5164 0
5165 0
5166 0
5167 0
5168 0
5169 0
5170 0
5171 0
5172 0
5173 0
5174 0
5175 0
5176 0
5177 0
5178 0
5179 0
5180 0
5181 0
5182 0
5183 0
5184 0
5185 0
5186 0
5187 0
5188 0
5189 0
5190 0
5191 0
5192 0
5193 0
5194 0
5195 0
5196 0
5197 0
5198 0
5199 0
5200 0
5201 0
5202 0
5203 0
5204 0
5205 0
5206 0
5207 0
5208 0
5209 0
5210 0
5211 0
5212 0
5213 0
5214 0
5215 0
5216 0
5217 0
5218 0
5219 0
5220 0
5221 0
5222 0
5223 0
5224 0
5225 0
5226 0
5227 0
5228 0
5229 0
5230 0
5231 0
5232 0
5233 0
5234 0
5235 0
5236 0
5237 0
5238 0
5239 0
5240 0
5241 0
5242 0
5243 0
5244 0
5245 0
5246 0
5247 0
5248 0
5249 0
5250 0
5251 0
5252 0
5253 0
5254 0
5255 0
5256 0
5257 0
5258 0
5259 0
5260 0
5261 0
5262 0
5263 0
5264 0
5265 0
5266 0
5267 0
5268 0
5269 0
5270 0
5271 0
5272 0
5273 0
5274 0
5275 0
5276 0
5277 0
5278 0
5279 0
5280 0
5281 0
5282 0
5283 0
5284 0
5285 0
5286 0
5287 0
5288 0
5289 0
5290 0
5291 0
5292 0
5293 0
5294 0
5295 0
5296 0
5297 0
5298 0
5299 0
5300 0
5301 0
5302 0
5303 0
5304 0
5305 0
5306 0
5307 0
5308 0
5309 0
5310 0
5311 0
5312 0
5313 0
5314 0
5315 0
5316 0
5317 0
5318 0
5319 0
5320 0
5321 0
5322 0
5323 0
5324 0
5325 0
5326 0
5327 0
5328 0
5329 0
5330 0
5331 0
5332 0
5333 0
5334 0
5335 0
5336 0
5337 0
5338 0
5339 0
5340 0
5341 0
5342 0
5343 0
5344 0
5345 0
5346 0
5347 0
5348 0
5349 0
5350 0
5351 0
5352 0
5353 0
5354 0
5355 0
5356 0
5357 0
5358 0
5359 0
5360 0
5361 0
5362 0
5363 0
5364 0
5365 0
5366 0
5367 0
5368 0
5369 0
5370 0
5371 0
5372 0
5373 0
5374 0
5375 0
5376 0
5377 0
5378 0
5379 0
5380 0
5381 0
5382 0
5383 0
5384 0
5385 0
5386 0
5387 0
5388 0
5389 0
5390 0
5391 0
5392 0
5393 0
5394 0
5395 0
5396 0
5397 0
5398 0
5399 0
5400 0
5401 0
5402 0
5403 0
5404 0
5405 0
5406 0
5407 0
5408 0
5409 0
5410 0
5411 0
5412 0
5413 0
5414 0
5415 0
5416 0
5417 0
5418 0
5419 0
5420 0
5421 0
5422 0
5423 0
5424 0
5425 0
5426 0
5427 0
5428 0
5429 0
5430 0
5431 0
5432 0
5433 0
5434 0
5435 0
5436 0
5437 0
5438 0
5439 0
5440 0
5441 0
5442 0
5443 0
5444 0
5445 0
5446 0
5447 0
5448 0
5449 0
5450 0
5451 0
5452 0
5453 0
5454 0
5455 0
5456 0
5457 0
5458 0
5459 0
5460 0
5461 0
5462 0
5463 0
5464 0
5465 0
5466 0
5467 0
5468 0
5469 0
5470 0
5471 0
5472 0
5473 0
5474 0
5475 0
5476 0
5477 0
5478 0
5479 0
5480 0
5481 0
5482 0
5483 0
5484 0
5485 0
5486 0
5487 0
5488 0
5489 0
5490 0
5491 0
5492 0
5493 0
5494 0
5495 0
5496 0
5497 0
5498 0
5499 0
5500 0
5501 0
5502 0
5503 0
5504 0
5505 0
5506 0
5507 0
5508 0
5509 0
5510 0
5511 0
5512 0
5513 0
5514 0
5515 0
5516 0
5517 0
5518 0
5519 0
5520 0
5521 0
5522 0
5523 0
5524 0
5525 0
5526 0
5527 0
5528 0
5529 0
5530 0
5531 0
5532 0
5533 0
5534 0
5535 0
5536 0
5537 0
5538 0
5539 0
5540 0
5541 0
5542 0
5543 0
5544 0
5545 0
5546 0
5547 0
5548 0
5549 0
5550 0
5551 0
5552 0
5553 0
5554 0
5555 0
5556 0
5557 0
5558 0
5559 0
5560 0
5561 0
5562 0
5563 0
5564 0
5565 0
5566 0
5567 0
5568 0
5569 0
5570 0
5571 0
5572 0
5573 0
5574 0
5575 0
5576 0
5577 0
5578 0
5579 0
5580 0
5581 0
5582 0
5583 0
5584 0
5585 0
5586 0
5587 0
5588 0
5589 0
5590 0
5591 0
5592 0
5593 0
5594 0
5595 0
5596 0
5597 0
5598 0
5599 0
5600 0
5601 0
5602 0
5603 0
5604 0
5605 0
5606 0
5607 0
5608 0
5609 0
5610 0
5611 0
5612 0
5613 0
5614 0
5615 0
5616 0
5617 0
5618 0
5619 0
5620 0
5621 0
5622 0
5623 0
5624 0
5625 0
5626 0
5627 0
5628 0
5629 0
5630 0
5631 0
5632 0
5633 0
5634 0
5635 0
5636 0
5637 0
5638 0
5639 0
5640 0
5641 0
5642 0
5643 0
5644 0
5645 0
5646 0
5647 0
5648 0
5649 0
5650 0
5651 0
5652 0
5653 0
5654 0
5655 0
5656 0
5657 0
5658 0
5659 0
5660 0
5661 0
5662 0
5663 0
5664 0
5665 0
5666 0
5667 0
5668 0
5669 0
5670 0
5671 0
5672 0
5673 0
5674 0
5675 0
5676 0
5677 0
5678 0
5679 0
5680 0
5681 0
5682 0
5683 0
5684 0
5685 0
5686 0
5687 0
5688 0
5689 0
5690 0
5691 0
5692 0
5693 0
5694 0
5695 0
5696 0
5697 0
5698 0
5699 0
5700 0
5701 0
5702 0
5703 0
5704 0
5705 0
5706 0
5707 0
5708 0
5709 0
5710 0
5711 0
5712 0
5713 0
5714 0
5715 0
5716 0
5717 0
5718 0
5719 0
5720 0
5721 0
5722 0
5723 0
5724 0
5725 0
5726 0
5727 0
5728 0
5729 0
5730 0
5731 0
5732 0
5733 0
5734 0
5735 0
5736 0
5737 0
5738 0
5739 0
5740 0
5741 0
5742 0
5743 0
5744 0
5745 0
5746 0
5747 0
5748 0
5749 0
5750 0
5751 0
5752 0
5753 0
5754 0
5755 0
5756 0
5757 0
5758 0
5759 0
5760 0
5761 0
5762 0
5763 0
5764 0
5765 0
5766 0
5767 0
5768 0
5769 0
5770 0
5771 0
5772 0
5773 0
5774 0
5775 0
5776 0
5777 0
5778 0
5779 0
5780 0
5781 0
5782 0
5783 0
5784 0
5785 0
5786 0
5787 0
5788 0
5789 0
5790 0
5791 0
5792 0
5793 0
5794 0
5795 0
5796 0
5797 0
5798 0
5799 0
5800 0
5801 0
5802 0
5803 0
5804 0
5805 0
5806 0
5807 0
5808 0
5809 0
5810 0
5811 0
5812 0
5813 0
5814 0
5815 0
5816 0
5817 0
5818 0
5819 0
5820 0
5821 0
5822 0
5823 0
5824 0
5825 0
5826 0
5827 0
5828 0
5829 0
5830 0
5831 0
5832 0
5833 0
5834 0
5835 0
5836 0
5837 0
5838 0
5839 0
5840 0
5841 0
5842 0
5843 0
5844 0
5845 0
5846 0
5847 0
5848 0
5849 0
5850 0
5851 0
5852 0
5853 0
5854 0
5855 0
5856 0
5857 0
5858 0
5859 0
5860 0
5861 0
5862 0
5863 0
5864 0
5865 0
5866 0
5867 0
5868 0
5869 0
5870 0
5871 0
5872 0
5873 0
5874 0
5875 0
5876 0
5877 0
5878 0
5879 0
5880 0
5881 0
5882 0
5883 0
5884 0
5885 0
5886 0
5887 0
5888 0
5889 0
5890 0
5891 0
5892 0
5893 0
5894 0
5895 0
5896 0
5897 0
5898 0
5899 0
5900 0
5901 0
5902 0
5903 0
5904 0
5905 0
5906 0
5907 0
5908 0
5909 0
5910 0
5911 0
5912 0
5913 0
5914 0
5915 0
5916 0
5917 0
5918 0
5919 0
5920 0
5921 0
5922 0
5923 0
5924 0
5925 0
5926 0
5927 0
5928 0
5929 0
5930 0
5931 0
5932 0
5933 0
5934 0
5935 0
5936 0
5937 0
5938 0
5939 0
5940 0
5941 0
5942 0
5943 0
5944 0
5945 0
5946 0
5947 0
5948 0
5949 0
5950 0
5951 0
5952 0
5953 0
5954 0
5955 0
5956 0
5957 0
5958 0
5959 0
5960 0
5961 0
5962 0
5963 0
5964 0
5965 0
5966 0
5967 0
5968 0
5969 0
5970 0
5971 0
5972 0
5973 0
5974 0
5975 0
5976 0
5977 0
5978 0
5979 0
5980 0
5981 0
5982 0
5983 0
5984 0
5985 0
5986 0
5987 0
5988 0
5989 0
5990 0
5991 0
5992 0
5993 0
5994 0
5995 0
5996 0
5997 0
5998 0
5999 0
6000 0
6001 0
6002 0
6003 0
6004 0
6005 0
6006 0
6007 0
6008 0
6009 0
6010 0
6011 0
6012 0
6013 0
6014 0
6015 0
6016 0
6017 0
6018 0
6019 0
6020 0
6021 0
6022 0
6023 0
6024 0
6025 0
6026 0
6027 0
6028 0
6029 0
6030 0
6031 0
6032 0
6033 0
6034 0
6035 0
6036 0
6037 0
6038 0
6039 0
6040 0
6041 0
6042 0
6043 0
6044 0
6045 0
6046 0
6047 0
6048 0
6049 0
6050 0
